165.8949432373 165.8513183593 165.8538970947 165.7965087890 165.7757720947 165.7145233154 165.7236480712 165.6759033203 165.6221618652 165.5570831298 165.5325927734 165.4884185791 165.4645385742 165.3688812255 165.3046722412 165.0782928466 164.9121856689 
164.7284545898 164.5860290527 164.4681854248 164.3005523681 164.1096649169 163.9181518554 163.7635803222 163.6443176269 163.4694976806 163.3081359863 163.2267761230 163.1783142089 163.1102752685 162.9858245849 162.8954315185 162.6893463134 162.5763244628 
162.3739166259 162.2441101074 162.1353912353 162.0645751953 161.9467315673 161.7997589111 161.7643280029 161.6617889404 161.5502166748 161.4482116699 161.3666534423 161.2237854003 161.1845397949 161.1317749023 161.0120697021 160.9815826416 160.8644714355 
160.8120727539 160.7180175781 160.6456756591 160.6031188964 160.5154266357 160.4078674316 160.3531494140 160.2568664550 160.2124176025 160.1011962890 160.0444183349 159.9800567626 159.8954620361 159.8346710205 159.7205047607 159.6919860839 159.6261749267 
159.5105743408 159.4546966552 159.3545684814 159.3176422119 159.2538909912 159.1572418212 159.1052093505 159.0100708007 158.9428405761 158.8731079101 158.7979125976 158.7179870605 158.6534271240 158.6104278564 158.5202178955 158.4418029785 158.3633880615 
158.3200225830 158.2604827880 158.2351837158 158.2264251708 158.2396545410 158.1854705810 158.1696472167 158.0624542236 157.9347839355 157.8571777343 157.7570343017 157.6674499511 157.5865325927 157.5250244140 157.4540405273 157.3714294433 157.3121490478 
157.2708435058 157.1344146728 157.0860443115 156.9703521728 156.9342193603 156.8765563964 156.8428497314 156.7568359375 156.6345367431 156.6264801025 156.5137329101 156.4378356933 156.3675537109 156.3274993896 156.2010040283 156.1495819091 156.0646514892 
156.0215606689 155.9701385498 155.8785095214 155.8214721679 155.7998352050 155.6752929687 155.5371551513 155.5528869628 155.4044799804 155.3854217529 155.3229370117 155.2866363525 155.2009735107 155.1161346435 155.0567626953 154.9384002685 154.9618225097 
154.8391571044 154.7788085937 154.6824188232 154.6680297851 154.5712890625 154.4682922363 154.4346771240 154.3896179199 154.2906341552 154.3020019531 154.2309265136 154.1544799804 154.1490173339 154.1437377929 154.0954589843 154.0699768066 154.0328826904 
153.9170074462 153.8047180175 153.7220916748 153.6521759033 153.5635833740 153.5162811279 153.4315338134 153.3690338134 153.2910766601 153.2463684082 153.1843261718 153.0601348876 153.0060424804 152.9750976562 152.9173431396 152.8421630859 152.7722320556 
152.7183227539 152.6012115478 152.5347747802 152.5134887695 152.4005737304 152.3579254150 152.2878417968 152.1852874755 152.1169738769 152.0551147460 152.0041503906 151.9333343505 151.8880157470 151.7759857177 151.7014160156 151.6740570068 151.5658721923 
151.5369873046 151.4697570800 151.4066467285 151.3104400634 151.2401580810 151.1785583496 151.0983734130 151.0524902343 150.9933166503 150.9260711669 150.8472137451 150.7896423339 150.7281341552 150.6666259765 150.6128845214 150.5330505371 150.4709014892 
150.4279937744 150.3233795166 150.3482360839 150.2777862548 150.3286590576 150.3278503417 150.3314361572 150.2946929931 150.2384490966 150.0937042236 149.9845275878 149.9251708984 149.8181457519 149.7378540039 149.6501464843 149.5961456298 149.5460815429 
149.5054931640 149.4174194335 149.3664550781 149.2618560791 149.2166137695 149.1428527832 149.0747222900 149.0295867919 148.9511718750 148.9338226318 148.8005218505 148.7632293701 148.7587738037 148.6479034423 148.5602722167 148.4866943359 148.3900451660 
148.3343505859 148.2767639160 148.2202606201 148.1384582519 148.1128845214 148.0305480957 148.0052337646 147.8664855957 147.8360900878 147.7853088378 147.7135162353 147.6659393310 147.5719757080 147.5522155761 147.4815826416 147.4333038330 147.3709869384 
147.2891845703 147.2064819335 147.1811828613 147.1021423339 147.0713806152 147.0003051757 146.8790740966 146.8906097412 146.8052215576 146.7465667724 146.6832733154 146.6211395263 146.5453186035 146.5277862548 146.5705261230 146.6104125976 146.6209564208 
146.6017303466 146.5052642822 146.4767456054 146.3690948486 146.1883087158 146.1312713623 146.0154876708 145.9699859619 145.9075775146 145.8710937500 145.8202209472 145.7151794433 145.6135253906 145.5596923828 145.4607238769 145.4155731201 145.3220520019 
145.3080902099 145.1775665283 145.1213226318 145.0673370361 145.0056457519 144.9400177001 144.8211822509 144.7872161865 144.7193603515 144.6315612792 144.5353546142 144.4787597656 144.4335174560 144.3739776611 144.3117523193 144.2041931152 144.1448211669 
144.0371856689 144.0063323974 143.9498443603 143.9324951171 143.8250274658 143.7370452880 143.6775970458 143.5731658935 143.5476837158 143.4769592285 143.3693237304 143.3777160644 143.3011932373 143.2134704589 143.1541137695 143.0833892822 143.0071258544 
142.9614410400 142.8936767578 142.8061370849 142.7750244140 142.7070770263 142.6192779541 142.5169067382 142.4916992187 142.4690704345 142.4323272705 142.4690704345 142.5511474609 142.5203094482 142.5256652832 142.4407348632 142.3558044433 142.2936553955 
142.1548156738 141.9968261718 141.9089355468 141.8493957519 141.8124694824 141.7700958251 141.6824798583 141.5721435546 141.5066986083 141.4188995361 141.3085632324 141.2518920898 141.2040557861 141.2293548583 141.0567169189 141.0255889892 140.9746398925 
140.8672637939 140.8446350097 140.7510375976 140.6774444580 140.6294403076 140.5276031494 140.4709167480 140.3831176757 140.3011322021 140.2897796630 140.1681060791 140.1369018554 140.0886993408 139.9953613281 139.9303741455 139.9047851562 139.8368377685 
139.7661285400 139.6416778564 139.6388092041 139.5368804931 139.4943237304 139.4377288818 139.3896331787 139.3104095458 139.2452392578 139.1603851318 139.0896606445 139.0302124023 139.0047302246 138.8886871337 138.8489837646 138.8151092529 138.7160339355 
138.6226196289 138.5517883300 138.5150451660 138.4471893310 138.4132080078 138.3961486816 138.4924316406 138.5121917724 138.5036010742 138.5321350097 138.4782104492 138.4300231933 138.3141632080 138.1641235351 138.0565643310 137.9291687011 137.8357391357 
137.8103485107 137.7708282470 137.6489715576 137.5697631835 137.4820404052 137.3971099853 137.3036804199 137.3008270263 137.2584381103 137.1393432617 137.0971374511 137.0122070312 136.9952239990 136.9160156250 136.8310699462 136.7715301513 136.7035675048 
136.6018371582 136.5591888427 136.5197601318 136.4263305664 136.3838653564 136.2932891845 136.2197113037 136.1488952636 136.1121520996 136.0441131591 135.9733886718 135.9198303222 135.8404388427 135.8008422851 135.7018585205 135.6505432128 135.5969848632 
135.5429840087 135.4412384033 135.4465179443 135.3818817138 135.3081207275 135.2511596679 135.1749877929 135.1156158447 135.0084228515 134.9883880615 134.9431610107 134.7930450439 134.7958984375 134.7226715087 134.7564697265 134.8243255615 134.8415985107 
134.8692169189 134.8753814697 134.8187866210 134.8442687988 134.7313537597 134.6122589111 134.5496673583 134.3801574707 134.2410430908 134.2357635498 134.1365356445 134.1421508789 134.0266418457 133.9240875244 133.8338012695 133.7430419921 133.7289276123 
133.6413879394 133.5646820068 133.5169372558 133.4432678222 133.3947143554 133.3661041259 133.2392425537 133.2563171386 133.1374969482 133.0637359619 132.9649353027 132.9224700927 132.7835388183 132.7582244873 132.6905517578 132.6363677978 132.6055145263 
132.5515289306 132.4440612792 132.4692535400 132.3468627929 132.3078918457 132.2799987792 132.2151794433 132.1413269042 132.0482482910 132.0054168701 131.9236145019 131.9149475097 131.8524475097 131.7677764892 131.7078704833 131.6799774169 131.5492706298 
131.5464935302 131.5038452148 131.4278411865 131.3345184326 131.2610168457 131.1955718994 131.1562347412 131.1195831298 131.0654907226 131.0828247070 131.1707153320 131.2214202880 131.3054504394 131.2976684570 131.3175201416 131.2919464111 131.1897583007 
131.0427703857 130.9945831298 130.8525085449 130.7597961425 130.6605529785 130.6131744384 130.5731201171 130.4629821777 130.3718566894 130.2899780273 130.1619415283 130.0658264160 130.0550994873 129.9985961914 129.9335937500 129.9022216796 129.8174591064 
129.7718658447 129.6814727783 129.6589355468 129.5993041992 129.4543762207 129.4380035400 129.3071289062 129.2424774169 129.1865997314 129.1432342529 129.0750122070 129.0391693115 128.9855194091 128.9200744628 128.8778686523 128.7446594238 128.7530670166 
128.7146148681 128.5966033935 128.5811309814 128.5123748779 128.4499664306 128.3991851806 128.3490295410 128.2522888183 128.2359313964 128.1820220947 128.1284637451 128.0090179443 128.0152740478 127.9525146484 127.8736572265 127.8226089477 127.7503662109 
127.7337341308 127.6497802734 127.5981979370 127.5743255615 127.4908142089 127.6033859252 127.6325302124 127.7179107666 127.8167037963 127.8001708984 127.8873367309 127.8113479614 127.7326660156 127.6267166137 127.5131683349 127.4389648437 127.3295288085 
127.2761535644 127.2196502685 127.1171875000 127.0754318237 126.9453506469 126.9254074096 126.7606353759 126.6593322753 126.5942459106 126.5515136718 126.4813232421 126.4071197509 126.3140487670 126.2740783691 126.1627655029 126.0761337280 126.0561904907 
125.9778747558 125.9351348876 125.8700485229 125.8132705688 125.6719207763 125.6774673461 125.6096038818 125.5695495605 125.5019683837 125.4706649780 125.3905563354 125.3437118530 125.2334671020 125.1792907714 125.1427230834 125.1027603149 125.0269393920 
124.9617691040 124.9042816162 124.8509902954 124.7800903320 124.7175979614 124.7210769653 124.6010131835 124.5514755249 124.4991760253 124.4585800170 124.4095916748 124.3516540527 124.2738647460 124.2515182495 124.1800765991 124.1184768676 124.0898666381 
124.0275497436 124.0992507934 124.1954574584 124.2283630371 124.3317108154 124.3942031860 124.4009094238 124.4213867187 124.2932662963 124.1776657104 124.0812835693 123.9984970092 123.9187393188 123.8973693847 123.8190536499 123.7194519042 123.6619644165 
123.6034011840 123.4388885498 123.2936096191 123.2233352661 123.1533355712 123.1447525024 123.0594558715 123.0278015136 122.9380416870 122.8666000366 122.8028564453 122.6979827880 122.7034378051 122.6269073486 122.5447387695 122.4244842529 122.4060592651 
122.3506317138 122.2800064086 122.2297592163 122.1458053588 122.1147842407 122.0413742065 122.0010528564 121.9275588989 121.8518371582 121.8251876831 121.7403411865 121.7147750854 121.6448593139 121.5926437377 121.5055541992 121.4443130493 121.3952331542 
121.3446197509 121.2997436523 121.2539672851 121.1680526733 121.1526641845 121.0466308593 121.0012130737 120.9449768066 120.9061737060 120.8605728149 120.7866363525 120.7843093872 120.8234710693 120.8797988891 120.9928970336 121.1069869995 121.1198577880 
121.1534805297 121.0985717773 121.0364456176 120.9506988525 120.8786392211 120.7737655639 120.6955337524 120.6703186035 120.5784988403 120.5244903564 120.4623565673 120.3907470703 120.2432250976 120.1360244750 120.0262374877 119.9332504272 119.9238586425 
119.8730773925 119.7854614257 119.6967697143 119.6331100463 119.5389633178 119.5046310424 119.4460678100 119.3334197998 119.3403091430 119.2128982543 119.1685485839 119.1035537719 119.0298843383 118.9902801513 118.9676589965 118.8933563232 118.8127136230 
118.7643432617 118.6915664672 118.6431961059 118.6566925048 118.5215072631 118.4839630126 118.4305877685 118.3135528564 118.2807464599 118.2670593261 118.1950836181 118.1528854370 118.0960311889 118.0704574584 118.0057220458 117.9349136352 117.8388900756 
117.8554382324 117.7770233154 117.7286529541 117.6321792602 117.6003570556 117.5976638793 117.5330276489 117.6706237792 117.7128295898 117.8389816284 117.9822082519 117.9922180175 118.0467605590 118.0055465698 117.9362564086 117.8416671752 117.7861404418 
117.7246322631 117.6746444702 117.6025009155 117.5620880126 117.5132675170 117.4800109863 117.3974914550 117.2721405029 117.1397323608 117.0483474731 116.9349899291 116.8603363037 116.8061523437 116.7313232421 116.6407470703 116.5808486938 116.5267562866 
116.4315338134 116.3300628662 116.2536163330 116.2022094726 116.1073532104 116.0719375610 115.9811019897 115.8986663818 115.8640670776 115.8155288696 115.7194976806 115.6894607543 115.6139984130 115.5355911254 115.5326385498 115.4890060424 115.4329528808 
115.3371887207 115.2864074707 115.2147140502 115.1641921997 115.1271743774 115.0619964599 115.0259704589 114.9919052124 114.9101867675 114.8680801391 114.8037033081 114.7370910644 114.7103576660 114.6907806396 114.6034317016 114.5417404174 114.5304794311 
114.4187164306 114.3918075561 114.3615798950 114.2853240966 114.3085708618 114.3981552124 114.4623489379 114.5625686645 114.7201080322 114.8433990478 114.8855133056 114.8249816894 114.7881393432 114.6997299194 114.6827316284 114.5848388671 114.5297622680 
114.5112533569 114.5020370483 114.4727249145 114.3872451782 114.3648071289 114.2483978271 114.1240310668 114.0180892944 113.8805770874 113.8763732910 113.7841033935 113.7055206298 113.6420364379 113.6361389160 113.4896011352 113.4283523559 113.3715820312 
113.2239761352 113.1196289062 113.0651855468 113.0009918212 112.8902130126 112.8078765869 112.7280349731 112.6521224975 112.6500701904 112.5788955688 112.5501174926 112.4404067993 112.3835449218 112.3257904052 112.2839431762 112.2254791259 112.1609191894 
112.1090698242 112.0492553710 111.9678039550 111.9670867919 111.8700790405 111.8372726440 111.8425521850 111.7264099121 111.6841125488 111.6164321899 111.5688705444 111.4780349731 111.4633712768 111.3895263671 111.3406143188 111.2991256713 111.2603302001 
111.1972045898 111.1751174926 111.1078033447 111.0992202758 111.1273803710 111.2312698364 111.3181686401 111.4831314086 111.6103591918 111.6202850341 111.6190261840 111.5700378417 111.5036010742 111.4116973876 111.4260864257 111.3796005249 111.3123626708 
111.3125457763 111.2481689453 111.2549591064 111.1837997436 111.0943908691 111.0493316650 110.9264907836 110.8374328613 110.7682342529 110.7122650146 110.6427001953 110.5433807373 110.5377426147 110.4771270751 110.3886184692 110.3049240112 110.2311630249 
110.1127014160 110.0063934326 109.9492645263 109.8365249633 109.7471160888 109.7010726928 109.6170272827 109.5162734985 109.4275817871 109.4298934936 109.3720550537 109.2723693847 109.2196121215 109.1539001464 109.0982971191 109.0612716674 108.9747238159 
108.9393234252 108.8977432250 108.8304290771 108.7822341918 108.7398529052 108.6562652587 108.6194229125 108.5597915649 108.5020370483 108.4710998535 108.4269332885 108.3777542114 108.3398437500 108.1925048828 108.1918869018 108.1552276611 108.1049728393 
108.1079330444 108.0788726806 108.2229080200 108.3175048828 108.4596557617 108.5287704467 108.5951919555 108.6149520874 108.5452194213 108.4728012084 108.4392700195 108.4003753662 108.3318939208 108.2894287109 108.2720794677 108.2245178222 108.1670303344 
108.0706405639 107.9939422607 107.9521789550 107.8867340087 107.7368011474 107.7041625976 107.6252212524 107.5734558105 107.4998703002 107.4208374023 107.4181518554 107.2748336791 107.2058105468 107.0973587036 107.0498886108 106.9249877929 106.8572998046 
106.7938232421 106.7133560180 106.6517562866 106.5714645385 106.4919052124 106.4245758056 106.4498748779 106.3178176879 106.2534484863 106.1864776611 106.1165618896 106.0630187988 106.0378036499 105.9942550659 105.9282836914 105.8812484741 105.8356475830 
105.7648391723 105.7627792358 105.6841049194 105.6672058105 105.5889739990 105.5267486572 105.4593429565 105.4289398193 105.3982696533 105.3066253662 105.2448501586 105.2701492309 105.1684036254 105.1528472900 105.1318359375 105.1797637939 105.2766723632 
105.4247436523 105.5690383911 105.6925964355 105.7081527709 105.7323837280 105.6985855102 105.5920181274 105.5814666748 105.5532073974 105.5537567138 105.4934082031 105.4606781005 105.5281753540 105.4568328857 105.4068527221 105.3364028930 105.2207107543 
105.1269149780 105.0193634033 104.9895019531 104.9022445678 104.8313446044 104.7473831176 104.6654052734 104.5878906250 104.5233383178 104.4212265014 104.3887710571 104.2119369506 104.1752777099 104.0782699584 104.0345535278 103.9028472900 103.8062896728 
103.7672195434 103.6998138427 103.6280212402 103.5633697509 103.5392303466 103.4593887329 103.4275665283 103.3283157348 103.2758407592 103.2648391723 103.1824035644 103.1599655151 103.0578689575 103.0268402099 102.9660491943 102.8984603881 102.8678741455 
102.7978744506 102.7780227661 102.6687698364 102.6448974609 102.5525436401 102.5361785888 102.4928970336 102.4233474731 102.4389038085 102.3776550292 102.2803802490 102.2532043457 102.1756057739 102.1834716796 102.0641098022 102.1106872558 102.2073440551 
102.3307189941 102.5311737060 102.6918334960 102.7305450439 102.7590713500 102.7610321044 102.6970214843 102.6669845581 102.6800308227 102.6902236938 102.7222290039 102.6801223754 102.6955947875 102.6442642211 102.6314849853 102.5655899047 102.4909362792 
102.4396209716 102.2377319335 102.2347030639 102.1015701293 102.0672378540 101.9814071655 101.8939666748 101.8076019287 101.7169418334 101.6706314086 101.5932006835 101.5469818115 101.4067916870 101.3428649902 101.2146530151 101.1385650634 101.0715179443 
101.0103530883 100.9030685424 100.8702621459 100.7545623779 100.6499633789 100.6166992187 100.5993499755 100.4965362548 100.4863433837 100.4354705810 100.3048477172 100.2877731323 100.2039947509 100.1475830078 100.1267471313 100.0681838989 100.0352783203 
99.9566040039 99.8998336791 99.8395767211 99.8180236816 99.7530288696 99.7238769531 99.6796264648 99.6266021728 99.5411376953 99.4999160766 99.4156036376 99.4070205688 99.3204727172 99.2644195556 99.2631683349 99.1767044067 99.1969985961 99.2855224609 99.4017486572 99.5765380859 99.6889266967 99.8169555664 99.8713989257 99.8684539794 99.8439559936 99.8661270141 99.8757858276 99.8901824951 99.8562011718 99.8310775756 99.8425216674 99.7783355712 99.7368469238 99.6655883789 99.5905761718 99.5476608276 99.4082794189 99.2782745361 99.1910095214 99.1496200561 99.0435867309 98.9493484497 98.8974914550 98.8646850585 98.8053207397 98.7084884643 98.6592254638 98.5911865234 98.5048141479 98.4460754394 98.3989562988 98.3333358764 98.2359771728 98.1585464477 98.0879135131 97.9850082397 97.9453048706 97.9014053344 97.7531738281 97.7225036621 97.6896896362 97.6208572387 97.5165100097 97.4928207397 97.4710006713 97.4062805175 97.3424377441 97.2935333251 97.2006378173 97.1438674926 97.1406478881 97.0386352539 96.9723815917 96.9265136718 96.8818969726 96.8195877075 96.8192214965 96.7538681030 96.6733093261 96.6818084716 96.6155548095 96.6126937866 96.6579360961 96.8287963867 96.9628219604 97.1361770629 97.2618789672 97.2937164306 97.2723464965 97.2984466552 97.2879943847 97.3177566528 97.2986297607 97.2862014770 97.2647399902 97.1710433959 97.1612091064 97.1060409545 97.0237045288 96.9073791503 96.8062667846 96.6915588378 96.6308441162 96.5151519775 96.4651718139 96.4108123779 96.3243637084 96.2940521240 96.1810455322 96.1358032226 96.0846557617 95.9937362670 95.9518966674 95.9165725708 95.8451461791 95.7086181640 95.6689224243 95.5689620971 95.4982452392 95.4498748779 95.4008712768 95.3312301635 95.2263488769 95.1842498779 95.1368560791 95.0537109375 94.9303283691 94.9153976440 94.8606872558 94.8424377441 94.8066787719 94.7317581176 94.6469955444 94.6384124755 94.5364913940 94.5346145629 94.5177154541 94.4219589233 94.3599090576 94.2520904541 94.2404632568 94.2461013793 94.1536483764 94.1159210205 94.1334381103 94.1330871582 94.2384948730 94.4228515625 94.5575866699 94.7322921752 94.8295669555 94.9032363891 94.9603729248 94.9702911376 94.9500885009 94.9804000854 94.9622497558 94.9271087646 94.8930435180 94.8307266235 94.7671585083 94.7124481201 94.6295623779 94.5692138671 94.4278564453 94.3372879028 94.2984924316 94.2543182373 94.1711807250 94.1450653076 94.0277633666 94.0045242309 93.9799270629 93.9253997802 93.8534240722 93.7978134155 93.7255706787 93.6448364257 93.6147079467 93.5938720703 93.5089340209 93.3900222778 93.3446121215 93.2255172729 93.2071838378 93.1065139770 93.0582427978 93.0160369873 92.9512176513 92.8762054443 92.8291778564 92.7436981201 92.6703033447 92.6435623168 92.5328826904 92.4829101562 92.4256896972 92.4070892333 92.3175048828 92.2489242553 92.1311721801 92.1045303344 92.0451736450 92.0315704345 91.9419937133 91.9011306762 91.9050674438 91.8732299804 91.9765930175 92.1139221191 92.3020324707 92.4676132202 92.5865249633 92.6821899414 92.6872863769 92.7552413940 92.6514282226 92.7028427124 92.6578674316 92.6444625854 92.5667648315 92.5123214721 92.4724426269 92.4171066284 92.2904052734 92.3314437866 92.1849975585 92.0956802368 92.0552673339 92.0019760131 91.9557571411 91.9160614013 91.8649291992 91.8093109130 91.7550430297 91.7570114135 91.6845016479 91.5819549560 91.5576324462 91.4715347290 91.4344253540 91.3899993896 91.3074645996 91.2474822998 91.1552963256 91.1512756347 91.0898590087 91.0496215820 90.9373245239 90.8935165405 90.8283386230 90.7778244018 90.7257919311 90.6615905761 90.5980300903 
90.5259704589 90.4305648803 90.4070510864 90.3373107910 90.3020858764 90.2427291870 90.1940917968 90.1111221313 90.0514755249 89.9650268554 89.9187088012 89.8624801635 89.8569259643 89.9152221679 90.0841140747 90.2394180297 90.4334259033 90.4935073852 90.5199661254 90.5045089721 90.4851913452 90.4979782104 90.4728546142 90.4513015747 90.3771972656 90.3687820434 90.2904663085 90.2425460815 90.1866607666 90.1309661865 90.0130310058 89.8988571166 89.8535308837 89.8624801635 89.7880935668 89.7795944213 89.7171020507 89.6561203002 89.6457519531 89.6065902709 89.5588455200 89.5024261474 89.4720306396 89.4158935546 89.4001541137 89.3000183105 89.2551269531 89.1746673583 89.1003646850 89.0342102050 88.9499816894 88.9889678955 88.8656768798 88.8625488281 88.8223114013 88.7354049682 88.6882019042 88.6402740478 88.6275863647 88.5378265380 88.5157394409 88.4068374633 88.3356704711 88.3278884887 88.2248916625 88.1918106079 88.0949020385 88.0518035888 88.0354461669 88.0106811523 88.0229263305 88.1307449340 88.3479156494 88.4370574951 88.4575347900 88.5038452148 88.4851608276 88.4571685791 88.4180145263 88.4084472656 88.3613281250 88.3438110351 88.3133163452 88.2620010375 88.2033538818 88.1436233520 88.0664672851 88.0054092407 87.9606170654 87.9181442260 87.8634262084 87.8303451538 87.7817077636 87.7260971069 87.7344970703 87.6620864868 87.6355285644 87.5673980712 87.5181350708 87.4416885375 87.4413375854 87.4121856689 87.3225097656 87.2689590454 87.2170181274 87.1950149536 87.1277770996 87.0582275390 87.0445404052 86.9681930541 86.9642639160 86.8737792968 86.8077926635 86.8169174194 86.7534332275 86.7047119140 86.6570587158 86.5850830078 86.5804367065 86.4980010986 86.4204864501 86.4197692871 86.3589782714 86.2885208129 86.2572250366 86.1661224365 86.1365280151 86.0679550170 86.0203933715 86.0430145263 86.0259323120 86.2252197265 86.3580780029 86.4298706054 86.4907608032 86.4530258178 86.4471359252 86.3886566162 86.4153823852 86.4034042358 86.3138198852 86.2937088012 86.2985305786 86.1959838867 86.2076950073 86.1292800903 86.1002349853 86.0565109252 85.9384078979 85.9423370361 85.8937911987 85.8633041381 85.7924957275 85.7585144042 85.6940536499 85.6687545776 85.6582031250 85.5861358642 85.5914077758 85.5273132324 85.4764328002 85.4174346923 85.3890914916 85.3095169067 85.2664184570 85.2744674682 85.1686096191 85.1678924560 85.1299819946 85.0720520019 85.0024032592 85.0042800903 84.9386596679 84.9388275146 84.8493347167 84.7991867065 84.7610931396 84.7159347534 84.7020797729 84.7072677612 84.5629653930 84.5617218017 84.4972534179 84.4713211059 84.4373474121 84.3954162597 84.3552780151 84.2779312133 84.1940765380 84.1323852539 84.1277313232 84.0875930786 84.0245590209 83.9608078002 84.0031051635 84.0634536743 84.2323379516 84.3027038574 84.3642120361 84.3635940551 84.3733367919 84.3220138549 84.3066406250 84.3119125366 84.2925033569 84.2504882812 84.2017669677 84.1397171020 84.1754837036 84.1154022216 84.0582656860 84.0059661865 83.9160156250 83.9457015991 83.8677368164 83.8190078735 83.7384567260 83.7333602905 83.7042999267 83.6745223999 83.6031799316 83.5659866333 83.5439987182 83.5048370361 83.4234771728 83.4017486572 83.3853912353 83.3369216918 83.2703170776 83.1977233886 83.1760025024 83.1417541503 83.0746078491 83.0243682861 82.9811782836 82.9505996704 82.9285202026 82.8791580200 82.8666458129 82.8149719238 82.7616882324 82.6940917968 82.6730804443 82.6414260864 82.5986099243 82.5470123291 82.5081253051 82.4871978759 82.3970794677 82.4054870605 82.3096466064 82.2497329711 82.2464370727 82.1150970458 82.0983810424 
82.0805816650 82.0016403198 81.9356536865 81.9043655395 81.8797760009 81.9073104858 82.0859527587 82.1479949951 82.1958236694 82.2368621826 82.2375869750 82.2626113891 82.1910858154 82.2095947265 82.1433410644 82.1213531494 82.1025772094 82.0142440795 81.9943008422 81.9640808105 81.9238586425 81.8407897949 81.8061904907 81.7809753417 81.7095489501 81.6271133422 81.6226348876 81.5661315917 81.5548706054 81.5465545654 81.4706497192 81.4327392578 81.4065475463 81.3892898559 81.2979125976 81.2585754394 81.2448120117 81.2086029052 81.1598663330 81.0701904296 81.0329971313 81.0085983276 80.9806976318 80.9230346679 80.9112243652 80.8734130859 80.8464050292 80.7860565185 80.7979507446 80.7141799926 80.6640243530 80.6312942504 80.5914230346 80.5355453491 80.5101470947 80.4309387207 80.3957901000 80.3419799804 80.3606567382 80.3023681640 80.2151947021 80.1474304199 80.0902099609 80.0986938476 80.0369186401 79.9572601318 79.8801879882 79.8744659423 79.9211349487 80.0326232910 80.1694183349 80.2122497558 80.2268218994 80.2624053955 80.2127838134 80.1947174072 80.1780853271 80.1551132202 80.1235580444 80.0977096557 80.0628433227 80.0330734252 80.0120620727 79.9121093750 79.8997726440 79.8084869384 79.7585067749 79.7366027832 79.7313232421 79.6327972412 79.6424560546 79.6418304443 79.5661926269 79.5081634521 79.4906463623 79.4431686401 79.4369049072 79.3780822753 79.3063735961 79.2485275268 79.2581863403 79.2043609619 79.1464233398 79.1192474365 79.1021652221 78.9906768798 79.0006942749 79.0077514648 78.9300613403 78.8732833862 78.8504867553 78.7952346801 78.7364959716 78.6968002319 78.6600494384 78.6362686157 78.6047058105 78.5240631103 78.4747161865 78.4662170410 78.4028320312 78.3925476074 78.2923202514 78.2951812744 78.2497634887 78.1851196289 78.1206588745 78.0598678588 78.0073852539 78.0187377929 77.9312057495 77.8651351928 77.8600387573 77.7727813720 77.7518539428 77.7691116333 77.8797988891 78.0699615478 78.1321029663 78.1540985107 78.1848526000 78.1965637207 78.1826248168 78.1589279174 78.1405105590 78.1090393066 78.0674667358 78.0393905639 78.0160522460 77.9480209350 77.9530258178 77.8994674682 77.8302688598 77.8084487915 77.7278060913 77.7162780761 77.6762237548 77.6003112792 77.5970916748 77.5203781127 77.5185928344 77.4746932983 77.4163131713 77.4229278564 77.3714294433 77.3799209594 77.2542190551 77.2188110351 77.1871643066 77.1513977050 77.1212692260 77.0413436889 77.0314102172 76.9830474853 76.9308319091 76.8469696044 76.8942642211 76.8092422485 76.8050384521 76.7306518554 76.6999816894 76.6495590209 76.6074447631 76.5596160888 76.5318984985 76.4626083374 76.4747695922 76.3674774169 76.3521881103 76.3211669921 76.2288970947 76.1980514526 76.1142807006 76.1154403686 76.0678787231 76.0145034790 75.9458389282 75.9251861572 75.8613433837 75.7739105224 75.7237472534 75.6971969604 75.6426620483 75.5945587158 75.6569671630 75.8472213745 75.9699707031 76.1064071655 76.0563430786 76.1197357177 76.0878143310 76.0697555541 76.0347976684 76.0335464477 76.0296096801 76.0098495483 75.9928588867 75.9186553955 75.8871841430 75.8433761596 75.7479782104 75.7266998291 75.7116775512 75.6566085815 75.6023330688 75.5363540649 75.5035400390 75.5241012573 75.4939727783 75.4162826538 75.4006271362 75.3786392211 75.3203430175 75.2550811767 75.2398757934 75.2140426635 75.1597671508 75.1316070556 75.1401901245 75.0660705566 75.0104598999 74.9704055786 74.9602127075 74.9172058105 74.8786773681 74.8400497436 74.7563629150 74.7100524902 74.7632522583 74.6975326538 74.6453170776 74.5876541137 74.5389251708 74.5796966552 74.4259185791 
74.4271697998 74.3623504638 74.3746871948 74.2761611938 74.2235946655 74.1740570068 74.1639556884 74.1130828857 74.0891265869 74.0446853637 73.9497375488 73.8999404907 73.8717727661 73.8185729980 73.7960433959 73.7037734985 73.6791000366 73.7169189453 73.8295745849 73.9789733886 74.1377639770 74.1441040039 74.2096405029 74.2012405395 74.1518859863 74.1784362792 74.1188888549 74.0893936157 74.0447769165 74.0192031860 73.9780807495 73.9458007812 73.8591690063 73.8103485107 73.8272476196 73.7476730346 73.6674804687 73.6388702392 73.5739593505 73.6379699707 73.5430221557 73.5438232421 73.5076217651 73.4799957275 73.4266128540 73.4310913085 73.3943405151 73.3192367553 73.2912521362 73.2156143188 73.2003250122 73.1744003295 73.1025161743 73.0602264404 73.0285720825 72.9774322509 72.9531173706 72.9020690917 72.8692550659 72.8241958618 72.8237457275 72.8049697875 72.7353210449 72.6787261962 72.6821212768 72.6095275878 72.5667877197 72.5335311889 72.4818496704 72.4495773315 72.4055023193 72.3860092163 72.3457717895 72.2468948364 72.2230224609 72.1623153686 72.0636978149 72.0998153686 72.0196151733 72.0238189697 72.1368331909 72.3142166137 72.3538208007 72.4041595458 72.4193572998 72.4238281250 72.4124755859 72.3902969360 72.3571319580 72.3581161499 72.2845306396 72.2510910034 72.2307968139 72.2258834838 72.1417465209 72.0842590332 72.0604782104 71.9704437255 71.9006195068 71.8686981201 71.8482284545 71.8483200073 71.7874298095 71.8139877319 71.7807235717 71.7282409667 71.6643142700 71.6920318603 71.6596679687 71.6015548706 71.5828704833 71.5179595947 71.4942703247 71.3859939575 71.4078979492 71.3419189453 71.3274307250 71.2689590454 71.2407073974 71.1681976318 71.1902847290 71.1442337036 71.1043624877 71.0115585327 71.0343551635 70.9859848022 70.9223327636 70.9014053344 70.8580398559 70.7896499633 70.7415466308 70.7417297363 70.6850433349 70.6474075317 70.5542373657 70.5739974975 70.5636291503 70.4483795166 70.4241561889 70.3917846679 70.3442230224 70.2623214721 70.2660827636 70.3070297241 70.4887924194 70.6364059448 70.6925506591 70.7335891723 70.7272415161 70.7307281494 70.7345733642 70.7146377563 70.7093582153 70.6156616210 70.6038589477 70.6173629760 70.5824890136 70.5514678955 70.4533920288 70.4283523559 70.3924102783 70.3806152343 70.2679595947 70.2769012451 70.2296066284 70.2590179443 70.2201232910 70.1589736938 70.1214218139 70.0950469970 70.0712585449 70.0583038330 70.0137710571 70.0029602050 69.9139022827 69.8526611328 69.8244094848 69.7920455932 69.8299560546 69.7634353637 69.6702728271 69.6501541137 69.6040191650 69.5958862304 69.5915985107 69.5368804931 69.4897613525 69.4462203979 69.4064331054 69.4089355468 69.3743362426 69.3229293823 69.2877044677 69.2800140380 69.2413864135 69.1703109741 69.1064682006 69.1015548706 69.0665054321 69.0686569213 68.9906921386 68.9244384765 68.8858184814 68.8546981811 68.7604675292 68.7198791503 68.7788848876 68.8039169311 68.9357986450 69.0191192626 69.0564041137 69.0952987670 69.1304321289 69.1377639770 69.1163940429 69.0885925292 69.0598068237 69.0775909423 69.0469284057 68.9850616455 68.9340972900 68.9031600952 68.9140701293 68.8489761352 68.7902374267 68.8010559082 68.7431182861 68.6774978637 68.6769638061 68.6097259521 68.5974807739 68.6115112304 68.5777206420 68.5468750000 68.4926910400 68.4631881713 68.4452209472 68.3914871215 68.3598327636 68.3448181152 68.2972488403 68.2497787475 68.1960449218 68.1948776245 68.1201324462 68.1220092773 68.0821380615 68.0900039672 68.0450286865 68.0242004394 67.9703826904 67.9896926879 67.8863372802 67.8722152709 67.8404693603 
67.7634048461 67.8097152709 67.7404251098 67.7372055053 67.6651382446 67.6559371948 67.6026458740 67.6305389404 67.4996490478 67.4724731445 67.4670181274 67.4116744995 67.3456954956 67.3431015014 67.3101959228 67.3271865844 67.4252624511 67.5083236694 67.6054229736 67.5889739990 67.6144485473 67.6481552124 67.6252670288 67.5684967041 67.5381851196 67.5648269653 67.5203094482 67.4839172363 67.4376068115 67.4290237426 67.3843154907 67.3312072753 67.3183364868 67.2716674804 67.2663040161 67.2048797607 67.1893234252 67.1463165283 67.1131439208 67.1302185058 67.0856094360 67.0820312500 67.0427856445 67.0069274902 66.9610595703 66.9327163696 66.9126052856 66.8423309326 66.7658004760 66.7687530517 66.7455062866 66.6636962890 66.6916809082 66.6585083007 66.6200637817 66.6409835815 66.5702667236 66.5458602905 66.5596313476 66.5043716430 66.3978881835 66.4597625732 66.3852844238 66.3760757446 66.2791595458 66.2652969360 66.2971267700 66.2110290527 66.1509475708 66.1672210693 66.1090164184 66.0560913085 66.0599288940 66.0251541137 66.0726318359 66.1602401733 66.2471542358 66.2411575317 66.2267608642 66.2646713256 66.2787094116 66.2149658203 66.1684722900 66.1359252929 66.1505050659 66.0529556274 66.1025772094 66.0613632202 65.9737396240 65.9866180419 65.9293975830 65.8876419067 65.8543853759 65.8204956054 65.7963562011 65.8224639892 65.7678375244 65.6992645263 65.6924667358 65.6829910278 65.7145538330 65.6107482910 65.6034240722 65.5840225219 65.5458374023 65.4840621948 65.4364929199 65.4159317016 65.3697128295 65.3029251098 65.3359146118 65.3140945434 65.2706451416 65.2915725708 65.2632293701 65.2248687744 65.1948318481 65.1414489746 65.1275024414 65.0975570678 65.0603637695 65.0342559814 64.9836502075 64.9819488525 64.9258041381 64.8895034790 64.8624191284 64.8345184326 64.8260269165 64.7173080444 64.6710815429 64.6780548095 64.7569122314 64.8160095214 64.8841400146 64.9103393554 64.9329528808 64.9436874389 64.9330444335 64.9224090576 64.8920059204 64.9199905395 64.8770751953 64.8670578002 64.8138656616 64.7656784057 64.7657699584 64.7468948364 64.6989746093 64.6682205200 64.6817245483 64.6159210205 64.5410842895 64.5473403930 64.5505676269 64.4750137329 64.4921798706 64.5055923461 64.4118881225 64.4135894775 64.3829269409 64.3814926147 64.3322296142 64.3036193847 64.2520294189 64.2115325927 64.2112655639 64.1637878417 64.1454620361 64.1337509155 64.0945816040 64.1087112426 64.0723266601 64.0008850097 63.9768409729 63.9381256103 63.9622650146 63.9136276245 63.9025459289 63.8159980773 63.8002624511 63.7634239196 63.7476005554 63.7351760864 63.6967277526 63.6528282165 63.6629333496 63.5750427246 63.5435714721 63.5212211608 63.4921646118 63.5212211608 63.4751739501 63.3939056396 63.4598007202 63.5933723449 63.6113433837 63.6446914672 63.7009277343 63.6888580322 63.6586418151 63.6955642700 63.6682929992 63.6193046569 63.6225166320 63.5620841979 63.5597572326 63.5312347412 63.5490264892 63.5174636840 63.4698143005 63.4395027160 63.3600196838 63.3801345825 63.3338241577 63.3042297363 63.2834014892 63.2931480407 63.2327041625 63.2307395935 63.1832656860 63.1504478454 63.1135253906 63.0893859863 63.0594329833 63.0403900146 62.9899635314 62.9837951660 62.9498252868 62.9182624816 62.8876838684 62.8697166442 62.8343048095 62.7925529479 62.7573280334 62.7339019775 62.7026977539 62.6537094116 62.6937637329 62.6746253967 62.6448516845 62.5962142944 62.5939788818 62.5030555725 62.4915199279 62.4529876708 62.4410057067 62.4235725402 62.3906707763 62.3749351501 62.3058204650 62.3171768188 62.2891960144 62.2426109313 62.1965675354 
62.1810111999 62.1389923095 62.1080551147 62.1291542053 62.1446228027 62.2205314636 62.2493171691 62.2805213928 62.3387222290 62.3445358276 62.2732772827 62.3307647705 62.2764968872 62.2418060302 62.2360000610 62.2271423339 62.2052421569 62.1420288085 62.1738586425 62.1520423889 62.1431922912 62.0629081726 62.0167694091 62.0137290954 61.9879798889 61.9576721191 62.0410881042 62.0718421936 62.0781021118 62.1749305725 62.1835136413 62.1760940551 62.1667060852 62.1955833435 62.1616134643 62.1315727233 62.0877609252 62.1191406250 62.0774803161 61.9996032714 61.9519500732 61.8818550109 61.9144020080 61.8175735473 61.8024635314 61.8431434631 61.7521247863 61.7142143249 61.6945495605 61.6251716613 61.5844001770 61.5841293334 61.5297698974 61.5177917480 61.4570846557 61.4128265380 61.4177474975 61.3936042785 61.3597183227 61.2688827514 61.2562751770 61.2008438110 61.1647224426 61.1425476074 61.1153678894 61.0574340820 61.1140289306 61.1858215332 61.1848411560 61.2550201416 61.2254295349 61.2686996459 61.1981620788 61.2337455749 61.1907386779 61.2079963684 61.1299400329 61.1756286621 61.0715637207 61.0508193969 61.0729026794 61.0288238525 60.9784889221 60.9345016479 60.9057083129 60.8934631347 60.7893905639 60.8078079223 60.7275238037 60.7378044128 60.7518424987 60.7126808166 60.6987342834 60.6946220397 60.7027587890 60.6509933471 60.5714187622 60.5222473144 60.4933624267 60.4771842956 60.4663658142 60.3950157165 60.4120979309 60.3830375671 60.3137435913 60.3207206726 60.2732467651 60.2102127075 60.2235374450 60.1918830871 60.1856269836 60.1590728759 60.1225929260 59.9980506896 60.0280914306 59.9986801147 59.9545097351 59.9371681213 59.9442291259 59.8565216064 59.8348846435 59.8198661804 59.7681846618 59.7549552917 59.7100677490 59.6775283813 59.6017990112 59.5523605346 59.5544166564 59.5927658081 59.6714439392 59.7255363464 59.7925033569 59.8057365417 59.8077926635 59.7866020202 59.7488746643 59.7875900268 59.7739067077 59.7393074035 59.6878967285 59.6756515502 59.6456947326 59.5923233032 59.5961685180 59.5747985839 59.5747985839 59.5068511962 59.5065841674 59.4367561340 59.4118080139 59.4119873046 59.3943748474 59.3232078552 59.3281211853 59.3030891418 59.2146682739 59.2334403991 59.2030448913 59.2007217407 59.1425170898 59.1077384948 59.0665206909 59.0863647460 59.1168556213 59.0478324890 59.0467605590 59.0135002136 58.9574432373 58.9362525939 58.9368782043 58.8864555358 58.8303947448 58.7932014465 58.7752304077 58.8052711486 58.7428665161 58.6892242431 58.6442527770 58.6108131408 58.6296806335 58.5771942138 58.4866294860 58.5367813110 58.4416542053 58.4170684814 58.4353065490 58.3757629394 58.3346328735 58.2916297912 58.2736587524 58.2660598754 58.2240409851 58.1762924194 58.1578788757 58.1873817443 58.2078552246 58.2723197937 58.3433074951 58.3218498229 58.3849716186 58.3690567016 58.3812141418 58.3591308593 58.3358879089 58.3450088500 58.2957420349 58.2458534240 58.2610511779 58.2106246948 58.2029380798 58.1669960021 58.1842536926 58.1252441406 58.0849227905 58.0885848999 58.0239448547 58.0086555480 57.9627914428 57.9795989990 57.9130783081 57.9263114929 57.8680191040 57.9210395812 57.8358306884 57.8158035278 57.7944374084 57.7576942443 57.7171897888 57.6588058471 57.6728439331 57.6478118896 57.6251907348 57.5705642700 57.5264854431 57.5052070617 57.5172767639 57.4664916992 57.4710502624 57.4245605468 57.4010467529 57.3386421203 57.3600120544 57.3292541503 57.2472686767 57.2578201293 57.2072143554 57.1739540100 57.1738624572 57.1229896545 57.0504798889 57.0443115234 57.0563850402 57.0168647766 56.9498100280 
56.9657249450 56.9324645996 56.9026031494 56.8707771301 56.7959403991 56.7412223815 56.7035827636 56.7415809631 56.7129707336 56.6958045959 56.6883850097 56.7740364074 56.8245506286 56.9192314147 56.9412269592 56.9611663818 56.9780654907 56.9595565795 56.9619712829 56.9602737426 56.9049263000 56.8404617309 56.8219566345 56.8173980712 56.7873573303 56.7729606628 56.7541885375 56.7578544616 56.6510124206 56.6802444458 56.6213264465 56.5785942077 56.5354118347 56.5935249328 56.5339813232 56.5108222961 56.5160980224 56.4228439331 56.4372406005 56.4127388000 56.3865470886 56.3159141540 56.2964248657 56.3269081115 56.2125587463 56.2289199829 56.1749229431 56.1316452026 56.1460418701 56.0963287353 56.0578880310 56.0787162780 55.9995040893 55.9664230346 55.9269981384 55.8844375610 55.8976707458 55.8740692138 55.7750053405 55.7712478637 55.7305679321 55.6973991394 55.6577949523 55.6616363525 55.6337432861 55.5666847229 55.5496101379 55.5298500061 55.4766540527 55.4420547485 55.4048614501 55.3857231140 55.3623924255 55.2793312072 55.2787094116 55.2348976135 55.2568016052 55.3071365356 55.3925209045 55.4024467468 55.4336471557 55.4387435913 55.4321250915 55.3888587951 55.3698120117 55.3338699340 55.3337821960 55.2871093750 55.2407989501 55.2227363586 55.2080726623 55.1387863159 55.0989990234 55.0674362182 54.9960021972 54.9445037841 54.9400291442 54.8983688354 54.8288116455 54.8525009155 54.7964439392 54.7844657897 54.7618446350 54.7045326232 54.6579513549 54.6634063720 54.6140556335 54.5954589843 54.6280937194 54.5107002258 54.4525871276 54.4343452453 54.3975982666 54.3504829406 54.3142700195 54.2154769897 54.2583923339 54.2164611816 54.1535186767 54.1172180175 54.0777931213 54.0405998229 53.9982185363 53.9065742492 53.9429626464 53.8651809692 53.8134155273 53.7906150817 53.7234687805 53.6624069213 53.6346015930 53.5833702087 53.5447463989 53.4841308593 53.4573936462 53.3918647766 53.3283805847 53.2711601257 53.2518501281 53.2060737609 53.1467971801 53.0842132568 53.0393295288 53.0158157348 52.9983825683 52.9881858825 53.0065155029 53.0741081237 53.1210479736 53.0964622497 53.1180953979 53.0563163757 53.1170234680 53.0518455505 53.0278854370 53.0034790039 52.9822883605 52.9003028869 52.8328018188 52.8369102478 52.7627067565 52.7554626464 52.7392768859 52.6547889709 52.6172409057 52.5475006103 52.5137977600 52.5233612060 52.4493331909 52.4581832885 52.3966712951 52.3939018249 52.3448143005 52.3284530639 52.2790107727 52.2459335327 52.2001571655 52.1492843627 52.1087799072 52.0698890686 52.1001968383 52.0238456726 51.9596519470 51.9165573120 51.8788261413 51.8792762756 51.8075714111 51.7894210815 51.7351493835 51.7066307067 51.7024307250 51.6446723937 51.6101608276 51.5023345947 51.5273704528 51.5186080932 51.4373359680 51.4064903259 51.3620529174 51.3203926086 51.2938385009 51.2299118041 51.1745719909 51.1585655212 51.1160049438 51.0793533325 51.0645065307 51.0210571289 50.9385375976 50.8657569885 50.8748779296 50.8531494140 50.7694664001 50.7171592712 50.7182388305 50.6518974304 50.7015151977 50.7829627990 50.8446578979 50.8347358703 50.8647766113 50.8477859497 50.8502883911 50.7660713195 50.7480964660 50.6999931335 50.6769294738 50.6763916015 50.5745582580 50.5818023681 50.5480079650 50.4834518432 50.4670028686 50.4564552307 50.3502349853 50.3862686157 50.3083076477 50.2661972045 50.2611885070 50.2542152404 50.1941337585 50.1607818603 50.1231460571 50.0930137634 50.0677986145 50.0629730224 49.9840240478 49.9876899719 49.9476356506 49.8795967102 49.8466949462 49.8107566833 49.7821464538 49.7398529052 49.7048988342 
49.7092781066 49.6512527465 49.6356925964 49.5582695007 49.5248298645 49.4887123107 49.5061454772 49.4632301330 49.3743591308 49.3367156982 49.3242912292 49.2700233459 49.2229042053 49.2123527526 49.1343002319 49.1240196228 49.0922813415 49.0721626281 49.0102920532 48.9929504394 48.9116783142 48.8586578369 48.8405113220 48.7906227111 48.7776603698 48.6844940185 48.6743888854 48.6256675720 48.6268310546 48.6888771057 48.7404670715 48.7891921997 48.7480621337 48.7707748413 48.7719383239 48.7307205200 48.6410446166 48.6420288085 48.5697860717 48.6123428344 48.4979019165 48.4789505004 48.4517707824 48.4414901733 48.3831939697 48.3137245178 48.2957534790 48.2380828857 48.2006225585 48.2312927246 48.1765708923 48.1718368530 48.1611976623 48.1135444641 48.0823402404 48.0961112976 48.0425529479 48.0065231323 47.9672737121 47.9129142761 47.9068374633 47.8672294616 47.7331161499 47.7798767089 47.7153244018 47.6985168457 47.6349487304 47.6028518676 47.5587730407 47.5353507995 47.5109405517 47.5053100585 47.4340515136 47.4280624389 47.3274803161 47.3192520141 47.3167495727 47.2678451538 47.2170639038 47.1954231262 47.1552772521 47.1312332153 47.0925178527 47.0192031860 46.9850463867 46.9970321655 46.9576911926 46.8945693969 46.8661384582 46.8031044006 46.8287658691 46.8227767944 46.9566192626 46.9650192260 46.9485702514 46.9725303649 46.9838905334 46.9337310791 46.9627838134 46.8937683105 46.8552284240 46.8075752258 46.7880859375 46.7457084655 46.6843719482 46.6815109252 46.6533508300 46.6202659606 46.5608100891 46.5131607055 46.4796333312 46.4720344543 46.4677429199 46.4523620605 46.4130249023 46.3564300537 46.3274612426 46.2977790832 46.2703323364 46.2709541320 46.2463684082 46.2042617797 46.1684074401 46.1282615661 46.0788192749 46.0667495727 46.0363502502 45.9972801208 45.9851188659 45.9811019897 45.9146690368 45.8824806213 45.8824806213 45.7713508605 45.7708168029 45.7444381713 45.6865921020 45.6269569396 45.6386680603 45.5574874877 45.5800170898 45.5171661376 45.5026817321 45.4818534851 45.4226608276 45.4092483520 45.3395156860 45.3083992004 45.3329887390 45.2292747497 45.2270393371 45.2049560546 45.1566772460 45.1453208923 45.1195716857 45.1480941772 45.2061157226 45.2373199462 45.2290954589 45.2259674072 45.2384834289 45.2340126037 45.1881484985 45.1433563232 45.1148338317 45.1202850341 45.1059799194 44.9955635070 44.9768829345 45.0179176330 44.9366455078 44.9344100952 44.8720054626 44.8317718505 44.7676658630 44.7733879089 44.7350349426 44.7258262634 44.6867561340 44.6612739562 44.6501846313 44.6328430175 44.6015472412 44.5119667053 44.5340461730 44.4798660278 44.4851379394 44.4002037048 44.3924255371 44.3332366943 44.3054313659 44.3397636413 44.2685050964 44.2373924255 44.2035102844 44.1783828735 44.1082000732 44.1085624694 44.0627861022 44.0269317626 44.0280914306 44.0304183959 43.9718589782 43.9721260070 43.8887977600 43.8486518859 43.8478469848 43.8477592468 43.7520942687 43.7281303405 43.6680488586 43.6849479675 43.6094894409 43.6021614074 43.5621070861 43.5317039489 43.4613418579 43.4742164611 43.4618797302 43.5120391845 43.5089073181 43.5691680908 43.5546836853 43.5389480590 43.4879875183 43.4876289367 43.4753799438 43.4321060180 43.4039459228 43.3613853454 43.3252677917 43.2901268005 43.2758216857 43.1988410949 43.2160987854 43.1703224182 43.1220436096 43.1601333618 43.0750160217 43.0478363037 42.9656677246 42.9900779724 42.9602127075 42.9498481750 42.8914642333 42.8740310668 42.8381767272 42.8584709167 42.7821159362 42.8146629333 42.7759513854 42.7114868164 42.6792106628 42.6066093444 42.5859603881 
42.5636100769 42.5275764465 42.5207786560 42.4275283813 42.4762573242 42.4224319458 42.3922157287 42.3529624938 42.3241767883 42.2958335876 42.2412948608 42.2432594299 42.1840744018 42.1469688415 42.1247940063 42.0525550842 42.0454025268 42.0568466186 41.9737892150 41.9879150390 41.9457130432 42.0188522338 42.0672225952 42.0773200988 42.0811653137 42.0115165710 42.0164375305 41.9997177124 41.9738769531 41.9444656372 41.8669509887 41.8505859375 41.8070449829 41.7789726257 41.7423133850 41.7113761901 41.6653327941 41.6756134033 41.6284980773 41.5783386230 41.5322952270 41.5315818786 41.5303306579 41.5231781005 41.4872360229 41.4465560913 41.4350204467 41.4239349365 41.3954162597 41.4123992919 41.3335456848 41.2925109863 41.2740898132 41.2225036621 41.1859359741 41.1393547058 41.1491851806 41.1331825256 41.0912513732 41.0784683227 41.0772171020 41.0120391845 40.9980926513 40.9257583618 40.9196815490 40.8816795349 40.8434181213 40.8381423950 40.7760963439 40.7828903198 40.7116317749 40.6724739074 40.6496696472 40.5735855102 40.5842247009 40.5549011230 40.4909744262 40.4921379089 40.4189109802 40.4864158630 40.5254821777 40.5051879882 40.5322837829 40.5657196044 40.5243263244 40.5229835510 40.4450225830 40.4598617553 40.3979911804 40.4285697937 40.3780555725 40.3197631835 40.3085861206 40.2600364685 40.2712135314 40.2328567504 40.1958427429 40.1692008972 40.1410369873 40.1102828979 40.1170730590 40.0980339050 40.0633430480 40.0436744689 40.0676345825 39.9911918640 39.9986114501 39.9521217346 39.9732208251 39.9297676086 39.8534164428 39.8510894775 39.8093376159 39.7796554565 39.7474670410 39.7143859863 39.6821136474 39.6576118469 39.6080818176 39.5408477783 39.5813484191 39.5631103515 39.5718727111 39.5202827453 39.4752235412 39.4486694335 39.4054832458 39.3896598815 39.3745536804 39.3375358581 39.2765617370 39.3215332031 39.2680664062 39.1920700073 39.1747245788 39.1895675659 39.1063308715 39.0765571594 39.0638618469 39.0375747680 38.9856300354 38.9978790283 39.0167427062 39.0957794189 39.0612716674 39.0655632019 39.0926513671 39.0490188598 39.0622520446 39.0090560913 38.9991302490 38.9539833068 38.8979225158 38.9001579284 38.8677024841 38.8322067260 38.8185272216 38.8204040527 38.7758827209 38.7297477722 38.6733322143 38.6719017028 38.6508026123 38.6180801391 38.6332778930 38.5996589660 38.5979614257 38.5652389526 38.5738220214 38.5235748291 38.4742202758 38.4783363342 38.4606323242 38.4466857910 38.4151229858 38.3531684875 38.3300971984 38.3325119018 38.2515106201 38.2612571716 38.1959877014 38.2080574035 38.1918754577 38.1089935302 38.1467247009 38.0811004638 38.0882530212 38.0375595092 38.0113639831 37.9978599548 37.9308967590 37.9134597778 37.8792190551 37.8574028015 37.8262901306 37.7874870300 37.8077850341 37.7569999694 37.6882476806 37.6110000610 37.6346931457 37.6590118408 37.5783653259 37.5444793701 37.5120277404 37.5289230346 37.5521697998 37.5915069580 37.6275405883 37.5988388061 37.6201171875 37.5867691040 37.5738067626 37.5501098632 37.5120277404 37.4930725097 37.4943199157 37.4339714050 37.3944549560 37.3770179748 37.3041534423 37.2991485595 37.2955703735 37.2539062500 37.1950759887 37.1995468139 37.1789855957 37.1896209716 37.1332092285 37.1163978576 37.1282005310 37.0403137207 37.0885963439 37.0708007812 37.0084877014 37.0037460327 37.0032997131 36.9441146850 36.9532318115 36.8478202819 36.8400421142 36.8024024963 36.7753143310 36.7095985412 36.7704811096 36.7095985412 36.6675758361 36.6555061340 36.6648941040 36.6273422241 36.5741462707 36.5692291259 36.5104866027 36.5099525451 36.4323463439 
36.4740104675 36.4468307495 36.3886260986 36.3643074035 36.3114700317 36.3314971923 36.2692680358 36.2377090454 36.2065925598 36.1824531555 36.2058792114 36.2230453491 36.2677497863 36.2658691406 36.2192001342 36.2341308593 36.2181282043 36.1685943603 36.1730690002 36.1325645446 36.1164703369 36.1019897460 36.0219688415 35.9997062683 35.9913940429 35.9681472778 35.9827194213 35.9378356933 35.9057388305 35.8706932067 35.8655967712 35.8172302246 35.8266143798 35.7826271057 35.7406044006 35.7327384948 35.7092247009 35.6715850830 35.7051086425 35.6405601501 35.6380577087 35.6329612731 35.5956764221 35.5767211914 35.5834274291 35.5514221191 35.4942016601 35.4785537719 35.4737243652 35.4388580322 35.4072074890 35.3808326721 35.3350563049 35.2759552001 35.2988433837 35.2824859619 35.2474365234 35.2233848571 35.2063102722 35.1729583740 35.1754646301 35.1100158691 35.0693397521 35.0671005249 35.0148010253 35.0385818481 34.9932556152 34.9677734375 34.8982124328 34.9017028808 34.8841781616 34.8543128967 34.8545837402 34.8582458496 34.8155136108 34.9040222167 34.8187332153 34.8892707824 34.8817634582 34.8841781616 34.8282051086 34.7961997985 34.8082695007 34.7588272094 34.7684822082 34.7196693420 34.6988372802 34.6713905334 34.6675415039 34.6310653686 34.6708488464 34.5816230773 34.5569496154 34.5678520202 34.5517616271 34.5143890380 34.5213623046 34.4667358398 34.4357109069 34.4567222595 34.3966407775 34.3931541442 34.3309288024 34.2618141174 34.3643646240 34.2634239196 34.2558250427 34.2317733764 34.2359733581 34.2262306213 34.1902885437 34.1488037109 34.1088409423 34.0745086669 34.0742378234 34.0914916992 34.0200576782 34.0154075622 33.9617652893 33.9863510131 33.9153633117 33.8953361511 33.8857688903 33.8455352783 33.8049468994 33.7951087951 33.7605094909 33.7954673767 33.7164306640 33.7053451538 33.6921119689 33.6683311462 33.6618041992 33.6325683593 33.6270256042 33.5512084960 33.5756187438 33.4952392578 33.4756584167 33.5008735656 33.4934501647 33.4697608947 33.4993515014 33.4944343566 33.5124931335 33.5469169616 33.5642623901 33.4951515197 33.4924659729 33.4833488464 33.4250564575 33.4026145935 33.3911705017 33.4162902832 33.3485221862 33.3162460327 33.2559852600 33.2275543212 33.2083320617 33.2133407592 33.1907196044 33.1845474243 33.1199073791 33.1418151855 33.1239318847 33.1388626098 33.0982742309 33.0905838012 33.0769042968 33.0406074523 33.0059165954 33.0056457519 32.9864234924 33.0106544494 32.9249114990 32.9242858886 32.8879890441 32.8237037658 32.8485603332 32.8180694580 32.8021583557 32.8087730407 32.7279472351 32.7526245117 32.7482414245 32.6878929138 32.6836013793 32.6312103271 32.6244163513 32.5724716186 32.5625457763 32.5267829895 32.4934349060 32.4905738830 32.4260215759 32.4363899230 32.4078712463 32.4045639038 32.3561058044 32.3229370117 32.3190879821 32.3038024902 32.2850265502 32.2587394714 32.2863693237 32.2479209899 32.1996421813 32.1922225952 32.2008972167 32.2682189941 32.2318267822 32.2472953796 32.2299537658 32.1968727111 32.1865005493 32.1807785034 32.1333045959 32.1063919067 32.0855598449 32.0329856872 32.0084915161 32.0455055236 31.9686145782 31.9907875061 31.9327640533 31.9409008026 31.9273109436 31.8619537353 31.8669605255 31.8064327239 31.8760795593 31.8058052062 31.7877464294 31.7449207305 31.7526073455 31.7470664978 31.6895771026 31.7079048156 31.6859130859 31.6222553253 31.6022281646 31.5822887420 31.6042823791 31.5303440093 31.5342788696 31.5294475555 31.5012855529 31.4833145141 31.4060668945 31.4297599792 31.3977527618 31.4107151031 31.4029388427 31.3335590362 31.3229198455 
31.2935943603 31.2923412322 31.2522869110 31.2300243377 31.2422733306 31.2099094390 31.2032909393 31.1534042358 31.1675281524 31.0918922424 31.0898342132 31.0805358886 31.0753517150 31.0597057342 31.0408401489 30.9829044342 30.9799556732 30.9873752593 30.9189777374 30.8870601654 30.9076232910 30.9259529113 30.9467830657 30.9382896423 30.9651107788 31.0161628723 30.9417762756 30.9316749572 30.8875064849 30.8779411315 30.8893852233 30.8301086425 30.7943458557 30.7718162536 30.7770900726 30.7860298156 30.7381076812 30.7299728393 30.7002906799 30.6591625213 30.6273345947 30.6429786682 30.6371669769 30.6260795593 30.5666255950 30.5560760498 30.5143241882 30.5102996826 30.5205802917 30.4941158294 30.4721240997 30.4653282165 30.4501266479 30.4603214263 30.3882579803 30.3941612243 30.3807468414 30.3034992218 30.3347034454 30.3317527770 30.3154830932 30.2595119476 30.2359085083 30.2546863555 30.2292041778 30.1780624389 30.1188755035 30.1393489837 30.1212005615 30.0917835235 30.0563793182 30.0493164062 30.0722045898 30.0436859130